0.003359
-0.116006
0.001632
-0.176384
-0.111295
0.042587
0.003467
-0.006171
-0.045176
-0.091386
0.006335
-0.011279
-0.044397
-0.004330
0.003554
-0.216441
0.049074
-0.022097
0.001460
0.004221
0.003395
-0.001683
-0.000261
-0.026219
-0.001476
-0.009035
0.003886
-0.000121
0.099738
-0.016281
-0.016022
0.001144
-0.014625
0.031681
-0.037581
0.036337
0.006543
0.012575
-0.010589
0.013272
0.026267
-0.010007
-0.003973
0.009351
-0.010367
0.016186
0.052444
0.005952
0.006863
0.014959
-0.015953
-0.060293
0.019373
0.009164
0.012593
0.002506
-0.061443
0.007696
-0.062186
0.024619
0.000971
-0.097478
-0.011143
-0.016063
-0.000886
-0.017642
-0.009376
-0.030140
-0.012592
-0.021014
-0.015431
0.011659
0.033288
-0.002739
-0.022576
-0.007418
-0.012038
-0.016093
-0.000396
-0.005165
0.001889
-0.006959
-0.014342
-0.012480
-0.030778
-0.014551
-0.050572
-0.003004
-0.022949
-0.026967
-0.004232
-0.024212
-0.019244
-0.010784
-0.005595
-0.007349
-0.002411
-0.040733
-0.030485
-0.010396
-0.011221
-0.013524
-0.028536
0.004418
-0.004947
-0.003598
-0.017997
-0.038110
-0.004938
-0.004714
-0.006011
-0.034762
-0.017016
-0.013011
-0.004091
-0.001766
-0.004748
-0.032297
-0.002346
-0.009315
-0.049217
-0.002295
-0.010662
-0.003873
-0.035499
-0.015669
0.000011
-0.002566
-0.012602
-0.018934
-0.041258
-0.018115
-0.015011
-0.016031
-0.010293
-0.022451
-0.022664
-0.026715
-0.025545
-0.015109
-0.017973
-0.018439
-0.010965
-0.025169
-0.020466
-0.024976
-0.014408
-0.018478
-0.022635
0.000128
-0.015299
-0.023129
-0.023558
-0.004698
-0.027090
-0.017040
-0.017202
-0.013234
-0.012941
-0.016535
-0.022485
-0.019821
-0.026095
-0.013362
-0.030842
-0.006465
-0.016904
-0.012405
-0.016382
-0.019534
-0.021192
-0.021190
-0.020786
-0.004536
-0.007185
-0.006975
-0.011341
-0.030800
-0.017931
-0.026127
-0.021984
-0.016282
-0.011531
-0.025215
-0.010174
-0.012834
-0.009020
-0.010250
-0.007930
-0.018716
-0.020734
-0.021658
-0.026057
-0.012981
-0.024745
-0.011116
-0.013614
-0.013508
-0.011666
-0.013749
-0.011038
-0.017780
-0.018777
-0.017902
-0.012290
-0.022361
-0.021210
-0.025892
-0.015301
-0.008825
-0.017149
-0.014257
-0.005358
-0.014357
-0.011740
-0.015015
-0.012454
-0.010229
-0.016620
-0.016718
-0.025304
-0.013618
-0.016530
-0.013714
-0.009313
-0.009526
-0.004753
-0.014067
-0.015280
-0.010473
-0.008873
-0.016313
-0.010931
-0.016044
-0.009840
-0.012551
-0.012774
-0.013134
-0.016301
-0.010054
-0.017218
-0.008071
-0.029427
-0.017392
0.001867
-0.013151
-0.017300
-0.014890
-0.011541
-0.037836
-0.013080
-0.021200
-0.004621
-0.012706
-0.019492
-0.019509
-0.008158
-0.014825
-0.017856
-0.016442
-0.007856
-0.018783
-0.016015
-0.010171
-0.011138
-0.015114
-0.010320
-0.014270
-0.014079
-0.010405
-0.013500
-0.015408
-0.015370
-0.009055
-0.014136
-0.008153
-0.015168
-0.013745
-0.013204
-0.011619
-0.011738
-0.013722
-0.014395
-0.010361
-0.012263
-0.014139
-0.019313
-0.011790
-0.012571
-0.015277
-0.017867
-0.019992
-0.017199
-0.023152
-0.014200
-0.010476
-0.014494
-0.017161
-0.016991
-0.007899
-0.025787
-0.008193
0.006132
-0.003297
-0.011756
-0.009324
-0.019316
-0.014669
-0.010882
-0.016565
-0.010522
-0.018868
-0.013364
-0.027132
-0.036285
-0.011757
-0.017150
-0.008964
-0.010768
-0.019921
-0.092957
-0.095176
-0.094188
-0.059781
-0.010281
-0.047058
0.055834
-0.101213
-0.013652
-0.013347
-0.068639
-0.089833
-0.009499
-0.016795
-0.050741
-0.031831
-0.050680
-0.041456
-0.018172
-0.011470
-0.010986
-0.007524
-0.020410
-0.019362
-0.027906
-0.027995
-0.041884
-0.075438
-0.085979
-0.009922
-0.042569
-0.105405
-0.018665
0.075131
-0.057690
0.014049
-0.005446
-0.008409
-0.068894
-0.015615
-0.012578
-0.032588
-0.013211
-0.062157
-0.091815
-0.010272
-0.019302
0.032307
-0.032334
-0.095082
-0.000924
-0.060200
0.004738
-0.001658
-0.097833
-0.090571
-0.054518
-0.006072
-0.011150
-0.033332
-0.015324
-0.051682
-0.081814
-0.134590
-0.029376
-0.078181
-0.021720
0.012798
-0.024112
-0.044749
-0.026154
-0.015068
-0.056774
-0.080599
-0.007453
0.016008
-0.103169
-0.059716
-0.001400
-0.079553
-0.036563
-0.016016
-0.028152
-0.014864
0.055560
-0.091598
-0.056485
0.050945
-0.085920
0.039749
0.017317
-0.008807
-0.075970
-0.016307
-0.018884
-0.091638
-0.033398
-0.080671
-0.004558
-0.008673
-0.016735
-0.006806
-0.002975
-0.084815
-0.002884
-0.013515
-0.115121
-0.028726
-0.005048
-0.019473
0.006138
-0.072847
0.014234
-0.002493
0.026004
-0.014881
-0.035600
0.041839
-0.007740
-0.023967
-0.009504
-0.078624
-0.038445
0.057722
-0.018254
0.000511
-0.078680
-0.082130
0.068773
